name	namco	level	rarity	spawnable	completed	speed	nodurability	uniqueonly	cost	code	alternategfx	spelloffset	component	bodyLoc1	bodyLoc2	invwidth	invheight	flippyfile	invfile	uniqueinvfile	special	Transmogrify	TMogType	TMogMin	TMogMax	useable	throwable	type	sound	unique	transparent	transtbl	quivered	lightradius	belt	autobelt	stackable	minstack	maxstack	quest	missiletype	spellicon	durwarning	qntwarning	gemoffset	BetterGem	bitfield1	CharsiMin	CharsiMax	CharsiMagicMin	CharsiMagicMax	CharsiMagicLvl	GheedMin	GheedMax	GheedMagicMin	GheedMagicMax	GheedMagicLvl	AkaraMin	AkaraMax	AkaraMagicMin	AkaraMagicMax	AkaraMagicLvl	FaraMin	FaraMax	FaraMagicMin	FaraMagicMax	FaraMagicLvl	LysanderMin	LysanderMax	LysanderMagicMin	LysanderMagicMax	LysanderMagicLvl	DrognanMin	DrognanMax	DrognanMagicMin	DrognanMagicMax	DrognanMagicLvl	HraltiMin	HraltiMax	HraltiMagicMin	HraltiMagicMax	HraltiMagicLvl	AlkorMin	AlkorMax	AlkorMagicMin	AlkorMagicMax	AlkorMagicLvl	OrmusMin	OrmusMax	OrmusMagicMin	OrmusMagicMax	OrmusMagicLvl	ElzixMin	ElzixMax	ElzixMagicMin	ElzixMagicMax	ElzixMagicLvl	AshearaMin	AshearaMax	AshearaMagicMin	AshearaMagicMax	AshearaMagicLvl	CainMin	CainMax	CainMagicMin	CainMagicMax	CainMagicLvl	HalbuMin	HalbuMax	HalbuMagicMin	HalbuMagicMax	HalbuMagicLvl	JamellaMin	JamellaMax	JamellaMagicMin	JamellaMagicMax	JamellaMagicLvl	Source Art	Game Art	Amazon	Paladin	Barbarian	Necromancer	Sorceress	Transform	InvTrans	SkipName	NightmareUpgrade	HellUpgrade	mindam	maxdam
elixir	elixir	21	4	1	1	0	1	0	20	elx	elx	0	16	0	0	1	1	flppot	invpot			0	xxx			1	0	11	22	0	0	5	0	0	0	0	0	0	0	0	0	-1	0	0	0	non	0	0	0	0	0	255	0	0	0	0	255	0	0	0	0	255	0	0	0	0	255	0	0	0	0	255	0	0	0	0	255	0	0	0	0	255	0	0	0	0	255	0	0	0	0	255	0	0	0	0	255	0	0	0	0	255	0	0	0	0	255	0	0	0	0	255	0	0	0	0	255			0	0	0	0	0	0	0	0	0	0	0	0
Healing Potion	Healing Potion	0	1	0	1	0	1	1	30	hpo	hpo	0	16	0	0	1	1	flprps	invrps			0	xxx			1	0	9	22	0	0	5	0	0	1	1	0	0	0	0	0	-1	0	0	0	non	0	0	0	0	0	255	0	0	0	0	255	0	0	0	0	255	0	0	0	0	255	0	0	0	0	255	0	0	0	0	255	0	0	0	0	255	0	0	0	0	255	0	0	0	0	255	0	0	0	0	255	0	0	0	0	255	0	0	0	0	255	0	0	0	0	255	0	0	0	0	255			0	0	0	0	0	0	0	0	0	0	0	0
Mana Potion	Mana Potion	0	1	0	1	0	1	1	30	mpo	mpo	0	16	0	0	1	1	flpbps	invbps			0	xxx			1	0	9	22	0	0	5	0	0	1	0	0	0	0	0	0	-1	0	0	0	non	0	0	0	0	0	255	0	0	0	0	255	0	0	0	0	255	0	0	0	0	255	0	0	0	0	255	0	0	0	0	255	0	0	0	0	255	0	0	0	0	255	0	0	0	0	255	0	0	0	0	255	0	0	0	0	255	0	0	0	0	255	0	0	0	0	255	0	0	0	0	255			0	0	0	0	0	0	0	0	0	0	0	0
Full Healing Potion	Full Healing Potion	0	2	0	1	0	1	1	150	hpf	hpo	0	16	0	0	1	1	flprpl	invrpl			0	xxx			1	0	9	22	0	0	5	0	0	1	1	0	0	0	0	0	-1	0	0	0	non	0	0	0	0	0	255	0	0	0	0	255	0	0	0	0	255	0	0	0	0	255	0	0	0	0	255	0	0	0	0	255	0	0	0	0	255	0	0	0	0	255	0	0	0	0	255	0	0	0	0	255	0	0	0	0	255	0	0	0	0	255	0	0	0	0	255	0	0	0	0	255			0	0	0	0	0	0	0	0	0	0	0	0
Full Mana Potion	Full Mana Potion	0	2	0	1	0	1	1	150	mpf	mpo	0	16	0	0	1	1	flpbpl	invbpl			0	xxx			1	0	9	22	0	0	5	0	0	1	0	0	0	0	0	0	-1	0	0	0	non	0	0	0	0	0	255	0	0	0	0	255	0	0	0	0	255	0	0	0	0	255	0	0	0	0	255	0	0	0	0	255	0	0	0	0	255	0	0	0	0	255	0	0	0	0	255	0	0	0	0	255	0	0	0	0	255	0	0	0	0	255	0	0	0	0	255	0	0	0	0	255			0	0	0	0	0	0	0	0	0	0	0	0
Stamina Potion	Stamina Potion	0	1	1	1	0	1	0	25	vps	vps	0	16	0	0	1	1	flpwps	invwps			0	xxx			1	0	9	22	0	0	5	0	0	1	0	0	0	0	0	0	-1	0	0	0	non	0	0	0	0	0	255	0	0	0	0	255	2	4	0	0	255	0	0	0	0	255	3	5	3	5	255	0	0	0	0	255	0	0	0	0	255	3	5	0	0	255	0	0	0	0	255	0	0	0	0	255	0	0	0	0	255	2	3	0	0	255	0	0	0	0	255	2	3	0	0	255			0	0	0	0	0	0	0	0	0	0	0	0
Antidote Potion	Antidote Potion	0	1	1	1	0	1	0	40	yps	yps	0	16	0	0	1	1	flpnps	invnps			0	xxx			1	0	9	22	0	0	5	0	0	1	0	0	0	0	0	0	-1	0	0	0	non	0	0	0	0	0	255	0	0	0	0	255	2	4	0	0	255	0	0	0	0	255	9	15	9	15	255	0	0	0	0	255	0	0	0	0	255	8	11	0	0	255	0	0	0	0	255	0	0	0	0	255	0	0	0	0	255	8	11	0	0	255	0	0	0	0	255	3	5	0	0	255			0	0	0	0	0	0	0	0	0	0	0	0
Rejuv Potion	Rejuv Potion	0	2	0	1	0	1	0	50	rvs	yps	0	16	0	0	1	1	flpvps	invvps			0	xxx			1	0	9	22	0	0	5	0	0	1	0	0	0	0	0	0	-1	0	0	0	non	0	0	0	0	0	255	0	0	0	0	255	0	0	0	0	255	0	0	0	0	255	0	0	0	0	255	0	0	0	0	255	0	0	0	0	255	0	0	0	0	255	0	0	0	0	255	0	0	0	0	255	0	0	0	0	255	0	0	0	0	255	0	0	0	0	255	0	0	0	0	255			0	0	0	0	0	0	0	0	0	0	0	0
Full Rejuv Potion	Full Rejuv Potion	0	2	0	1	0	1	0	200	rvl	ypl	0	16	0	0	1	1	flpvpl	invvpl			0	xxx			1	0	9	22	0	0	5	0	0	1	0	0	0	0	0	0	-1	0	0	0	non	0	0	0	0	0	255	0	0	0	0	255	0	0	0	0	255	0	0	0	0	255	0	0	0	0	255	0	0	0	0	255	0	0	0	0	255	0	0	0	0	255	0	0	0	0	255	0	0	0	0	255	0	0	0	0	255	0	0	0	0	255	0	0	0	0	255	0	0	0	0	255			0	0	0	0	0	0	0	0	0	0	0	0
Thawing Potion	Thawing Potion	0	2	1	1	0	1	0	25	wms	yps	0	16	0	0	1	1	flpyps	invyps			0	xxx			1	0	9	22	0	0	5	0	0	1	0	0	0	0	0	0	-1	0	0	0	non	0	0	0	0	0	255	0	0	0	0	255	1	2	0	0	255	0	0	0	0	255	3	5	3	5	255	0	0	0	0	255	0	0	0	0	255	6	9	0	0	255	0	0	0	0	255	0	0	0	0	255	0	0	0	0	255	6	9	0	0	255	0	0	0	0	255	0	0	0	0	255			0	0	0	0	0	0	0	0	0	0	0	0
Town Portal Book	Town Portal Book	6	2	1	1	0	1	0	200	tbk	bbk	0	16	0	0	1	2	flpbbk	invbbk			0	xxx			1	0	18	3	0	0	5	0	0	0	0	1	0	20	0	0	-1	0	0	0	non	0	0	0	0	0	255	0	0	0	0	255	0	2	0	0	255	0	0	0	0	255	0	0	0	0	255	2	4	2	4	255	0	0	0	0	255	0	0	0	0	255	2	4	2	4	255	0	0	0	0	255	0	0	0	0	255	0	0	0	0	255	0	0	0	0	255	1	2	0	0	255			0	0	0	0	0	0	0	0	0	0	0	0
Identify Book	Identify Book	6	2	1	1	0	1	0	200	ibk	rbk	0	16	0	0	1	2	flprbk	invrbk			0	xxx			1	0	18	3	0	0	5	0	0	0	0	1	0	20	0	0	-1	0	0	0	non	0	0	0	0	0	255	0	0	0	0	255	0	2	0	0	255	0	0	0	0	255	0	0	0	0	255	2	4	2	4	255	0	0	0	0	255	0	0	0	0	255	2	4	2	4	255	0	0	0	0	255	0	0	0	0	255	0	0	0	0	255	0	0	0	0	255	1	2	0	0	255			0	0	0	0	0	0	0	0	0	0	0	0
amulet	amulet	1	4	1	1	0	1	0	2400	amu	amu	0	16	2	2	1	1	flpamu	invamu			0	xxx			0	0	12	1	0	0	5	0	0	0	0	0	0	0	0	0	-1	0	0	0	non	1	0	0	0	0	255	0	0	0	0	255	0	0	0	0	255	0	0	0	0	255	0	0	0	0	255	0	0	0	0	255	0	0	0	0	255	0	0	0	0	255	0	0	0	0	255	0	0	0	0	255	0	0	0	0	255	0	0	0	0	255	0	0	0	0	255	0	0	0	0	255			0	0	0	0	0	0	0	0	0	0	0	0
viper amulet	viper amulet	15	4	0	1	0	1	0	400	vip	vip	0	16	2	2	1	1	flpamu	invvip	invvip		0	xxx			0	0	12	1	0	0	5	0	0	0	0	0	0	0	10	0	-1	0	0	0	non	1	0	0	0	0	255	0	0	0	0	255	0	0	0	0	255	0	0	0	0	255	0	0	0	0	255	0	0	0	0	255	0	0	0	0	255	0	0	0	0	255	0	0	0	0	255	0	0	0	0	255	0	0	0	0	255	0	0	0	0	255	0	0	0	0	255	0	0	0	0	255			0	0	0	0	0	0	0	1	0	0	0	0
ring	ring	1	4	1	1	0	1	0	1800	rin	rin	0	16	6	7	1	1	flprin	invrin			0	xxx			0	0	10	25	0	0	5	0	0	0	0	0	0	0	0	0	-1	0	0	0	non	1	0	0	0	0	255	0	0	0	0	255	0	0	0	0	255	0	0	0	0	255	0	0	0	0	255	0	0	0	0	255	0	0	0	0	255	0	0	0	0	255	0	0	0	0	255	0	0	0	0	255	0	0	0	0	255	0	0	0	0	255	0	0	0	0	255	0	0	0	0	255			0	0	0	0	0	0	0	0	0	0	0	0
gold	gold	0	1	1	1	0	1	0	0	gld	gld	0	16	0	0	1	1	flpgld	invgld			0	xxx			0	0	4	11	0	0	5	0	0	0	0	1	0	5000	0	0	-1	0	0	0	non	0	0	0	0	0	255	0	0	0	0	255	0	0	0	0	255	0	0	0	0	255	0	0	0	0	255	0	0	0	0	255	0	0	0	0	255	0	0	0	0	255	0	0	0	0	255	0	0	0	0	255	0	0	0	0	255	0	0	0	0	255	0	0	0	0	255	0	0	0	0	255			0	0	0	0	0	0	0	0	0	0	0	0
Bark Scroll	Bark Scroll	0	0	0	1	0	1	0	100	bks	bks	0	16	0	0	2	2	flpscr	invscb			0	xxx			0	0	39	26	1	0	5	0	0	0	0	0	0	0	5	0	-1	0	0	0	non	0	0	0	0	0	255	0	0	0	0	255	0	0	0	0	255	0	0	0	0	255	0	0	0	0	255	0	0	0	0	255	0	0	0	0	255	0	0	0	0	255	0	0	0	0	255	0	0	0	0	255	0	0	0	0	255	0	0	0	0	255	0	0	0	0	255	0	0	0	0	255			0	0	0	0	0	0	0	0	0	0	0	0
deciphered Bark Scroll	deciphered Bark Scroll	0	0	0	1	0	1	0	12000	bkd	bkd	0	16	0	0	2	2	flpscr	invscb			0	xxx			0	0	39	26	1	0	5	0	0	0	0	0	0	0	5	0	-1	0	0	0	non	0	0	0	0	0	255	0	0	0	0	255	0	0	0	0	255	0	0	0	0	255	0	0	0	0	255	0	0	0	0	255	0	0	0	0	255	0	0	0	0	255	0	0	0	0	255	0	0	0	0	255	0	0	0	0	255	0	0	0	0	255	0	0	0	0	255	0	0	0	0	255			0	0	0	0	0	0	0	0	0	0	0	0
Arrows	Arrows	0	1	1	1	0	1	0	100	aqv	aqv	0	16	4	5	1	3	flpqvr	invqvr			0	xxx			0	0	5	23	0	0	5	1	0	0	0	1	100	250	0	0	-1	0	1	0	non	0	3	5	0	0	255	1	3	0	0	255	0	0	0	0	255	3	4	3	4	255	0	0	0	0	255	0	0	0	0	255	3	4	3	4	255	0	0	0	0	255	0	0	0	0	255	2	3	0	0	255	2	3	0	0	255	0	0	0	0	255	3	4	0	0	255	0	0	0	0	255			0	0	0	0	0	0	0	0	0	0	0	0
Torch	Torch	999	999	0	1	0	1	0	50	tch	bsh	0	7	4	5	1	2	flptrch	invtrch			0	xxx			0	0	21	28	0	1	3	0	6	0	0	0	2	10	0	0	-1	0	0	0	non	0	0	0	0	0	255	0	0	0	0	255	0	0	0	0	255	0	0	0	0	255	0	0	0	0	255	0	0	0	0	255	0	0	0	0	255	0	0	0	0	255	0	0	0	0	255	0	0	0	0	255	0	0	0	0	255	0	0	0	0	255	0	0	0	0	255	0	0	0	0	255			0	0	0	0	0	0	0	0	0	0	0	0
Bolts	Bolts	1	1	1	1	0	1	0	200	cqv	cqv	0	16	4	5	1	3	flpqvr	invcqv			0	xxx			0	0	6	23	0	0	5	1	0	0	0	1	60	150	0	0	-1	0	1	0	non	0	2	4	0	0	255	2	4	0	0	255	0	0	0	0	255	3	4	3	4	255	0	0	0	0	255	0	0	0	0	255	3	4	3	4	255	0	0	0	0	255	0	0	0	0	255	2	3	0	0	255	2	3	0	0	255	0	0	0	0	255	3	4	0	0	255	0	0	0	0	255			0	0	0	0	0	0	0	0	0	0	0	0
Town Portal Scroll	Town Portal Scroll	0	2	1	1	0	1	0	50	tsc	bsc	0	16	0	0	1	1	flpbsc	invbsc			0	xxx			1	0	22	26	0	0	5	0	0	1	0	0	0	0	0	0	-1	0	0	0	non	0	0	0	0	0	255	0	0	0	0	255	11	17	0	0	255	0	0	0	0	255	0	0	0	0	255	11	17	11	17	255	0	0	0	0	255	0	0	0	0	255	11	17	11	17	255	0	0	0	0	255	0	0	0	0	255	0	0	0	0	255	0	0	0	0	255	5	7	0	0	255			0	0	0	0	0	0	0	0	0	0	0	0
Identify Scroll	Identify Scroll	0	2	1	1	0	1	0	50	isc	rsc	0	16	0	0	1	1	flprsc	invrsc			0	xxx			1	0	22	26	0	0	5	0	0	1	0	0	0	0	0	0	-1	0	0	0	non	0	0	0	0	0	255	0	0	0	0	255	11	17	0	0	255	0	0	0	0	255	0	0	0	0	255	11	17	11	17	255	0	0	0	0	255	0	0	0	0	255	11	17	11	17	255	0	0	0	0	255	0	0	0	0	255	0	0	0	0	255	0	0	0	0	255	5	7	0	0	255			0	0	0	0	0	0	0	0	0	0	0	0
Not used	Heart	0	1	0	1	0	1	0	60	hrt	hrt	0	16	0	0	1	1	flphrt	invhrt			1	hpo	0	0	0	0	40	20	0	0	5	0	0	0	0	0	0	0	0	0	-1	0	0	0	non	0	0	0	0	0	255	0	0	0	0	255	0	0	0	0	255	0	0	0	0	255	0	0	0	0	255	0	0	0	0	255	0	0	0	0	255	0	0	0	0	255	0	0	0	0	255	0	0	0	0	255	0	0	0	0	255	0	0	0	0	255	0	0	0	0	255	0	0	0	0	255			0	0	0	0	0	0	0	0	0	0	0	0
Not used	Brain	0	1	0	1	0	1	0	60	brz	brz	0	16	0	0	1	1	flpbrnz	invbrnz			1	opm	1	1	0	0	40	20	0	0	5	0	0	0	0	0	0	0	0	0	-1	0	0	0	non	0	0	0	0	0	255	0	0	0	0	255	0	0	0	0	255	0	0	0	0	255	0	0	0	0	255	0	0	0	0	255	0	0	0	0	255	0	0	0	0	255	0	0	0	0	255	0	0	0	0	255	0	0	0	0	255	0	0	0	0	255	0	0	0	0	255	0	0	0	0	255			0	0	0	0	0	0	0	0	0	0	0	0
Not used	Jawbone	0	1	0	1	0	1	0	75	jaw	jaw	0	16	0	0	1	1	flpjaw	invjaw			1	cqv	10	40	0	0	40	19	0	0	5	0	0	0	0	0	0	0	0	0	-1	0	0	0	non	0	0	0	0	0	255	0	0	0	0	255	0	0	0	0	255	0	0	0	0	255	0	0	0	0	255	0	0	0	0	255	0	0	0	0	255	0	0	0	0	255	0	0	0	0	255	0	0	0	0	255	0	0	0	0	255	0	0	0	0	255	0	0	0	0	255	0	0	0	0	255			0	0	0	0	0	0	0	0	0	0	0	0
Not used	Eye	0	1	0	1	0	1	0	45	eyz	eyz	0	16	0	0	1	1	flpeye	inveye			1	mpo	0	0	0	0	40	20	0	0	5	0	0	0	0	0	0	0	0	0	-1	0	0	0	non	0	0	0	0	0	255	0	0	0	0	255	0	0	0	0	255	0	0	0	0	255	0	0	0	0	255	0	0	0	0	255	0	0	0	0	255	0	0	0	0	255	0	0	0	0	255	0	0	0	0	255	0	0	0	0	255	0	0	0	0	255	0	0	0	0	255	0	0	0	0	255			0	0	0	0	0	0	0	0	0	0	0	0
Not used	Horn	0	1	0	1	0	1	0	48	hrn	hrn	0	16	0	0	1	1	flphorn	invhorn			1	aqv	10	40	0	0	40	19	0	0	5	0	0	0	0	0	0	0	0	0	-1	0	0	0	non	0	0	0	0	0	255	0	0	0	0	255	0	0	0	0	255	0	0	0	0	255	0	0	0	0	255	0	0	0	0	255	0	0	0	0	255	0	0	0	0	255	0	0	0	0	255	0	0	0	0	255	0	0	0	0	255	0	0	0	0	255	0	0	0	0	255	0	0	0	0	255			0	0	0	0	0	0	0	0	0	0	0	0
Not used	Tail	0	1	0	0	0	1	0	63	tal	tal	0	16	0	0	1	1	flptail	invtail			1	vps	0	0	0	0	40	20	0	0	5	0	0	0	0	0	0	0	0	0	-1	0	0	0	non	0	0	0	0	0	255	0	0	0	0	255	0	0	0	0	255	0	0	0	0	255	0	0	0	0	255	0	0	0	0	255	0	0	0	0	255	0	0	0	0	255	0	0	0	0	255	0	0	0	0	255	0	0	0	0	255	0	0	0	0	255	0	0	0	0	255	0	0	0	0	255			0	0	0	0	0	0	0	0	0	0	0	0
Not used	Flag	0	1	0	0	0	1	0	98	flg	flg	0	16	0	0	1	2	flpflag	invflag			0	xxx			0	0	40	17	0	0	5	0	0	0	0	0	0	0	0	0	-1	0	0	0	non	0	0	0	0	0	255	0	0	0	0	255	0	0	0	0	255	0	0	0	0	255	0	0	0	0	255	0	0	0	0	255	0	0	0	0	255	0	0	0	0	255	0	0	0	0	255	0	0	0	0	255	0	0	0	0	255	0	0	0	0	255	0	0	0	0	255	0	0	0	0	255			0	0	0	0	0	0	0	0	0	0	0	0
Not used	Fang	0	1	0	0	0	1	0	80	fng	fng	0	16	0	0	1	1	flpfang	invfang			1	key	1	1	0	0	40	19	0	0	5	0	0	0	0	0	0	0	0	0	-1	0	0	0	non	0	0	0	0	0	255	0	0	0	0	255	0	0	0	0	255	0	0	0	0	255	0	0	0	0	255	0	0	0	0	255	0	0	0	0	255	0	0	0	0	255	0	0	0	0	255	0	0	0	0	255	0	0	0	0	255	0	0	0	0	255	0	0	0	0	255	0	0	0	0	255			0	0	0	0	0	0	0	0	0	0	0	0
Not used	Quill	0	1	0	0	0	1	0	32	qll	qll	0	16	0	0	1	1	flpquil	invquil			1	aqv	10	40	0	0	40	19	0	0	5	0	0	0	0	0	0	0	0	0	-1	0	0	0	non	0	0	0	0	0	255	0	0	0	0	255	0	0	0	0	255	0	0	0	0	255	0	0	0	0	255	0	0	0	0	255	0	0	0	0	255	0	0	0	0	255	0	0	0	0	255	0	0	0	0	255	0	0	0	0	255	0	0	0	0	255	0	0	0	0	255	0	0	0	0	255			0	0	0	0	0	0	0	0	0	0	0	0
Not used	Soul	0	1	0	0	0	1	0	100	sol	sol	0	16	0	0	1	1	flpsple	invsple			1	mpo	0	0	0	0	40	24	0	0	5	0	0	0	0	0	0	0	0	0	-1	0	0	0	non	0	0	0	0	0	255	0	0	0	0	255	0	0	0	0	255	0	0	0	0	255	0	0	0	0	255	0	0	0	0	255	0	0	0	0	255	0	0	0	0	255	0	0	0	0	255	0	0	0	0	255	0	0	0	0	255	0	0	0	0	255	0	0	0	0	255	0	0	0	0	255			0	0	0	0	0	0	0	0	0	0	0	0
Not used	Scalp	0	1	0	0	0	1	0	40	scz	scz	0	16	0	0	1	1	flpscp	invscp			1	hpf	0	0	0	0	40	20	0	0	5	0	0	0	0	0	0	0	0	0	-1	0	0	0	non	0	0	0	0	0	255	0	0	0	0	255	0	0	0	0	255	0	0	0	0	255	0	0	0	0	255	0	0	0	0	255	0	0	0	0	255	0	0	0	0	255	0	0	0	0	255	0	0	0	0	255	0	0	0	0	255	0	0	0	0	255	0	0	0	0	255	0	0	0	0	255			0	0	0	0	0	0	0	0	0	0	0	0
Not used	Spleen	0	1	0	0	0	1	0	85	spe	spe	0	16	0	0	1	1	flpsple	invsple			1	gps	1	1	0	0	40	20	0	0	5	0	0	0	0	0	0	0	0	0	-1	0	0	0	non	0	0	0	0	0	255	0	0	0	0	255	0	0	0	0	255	0	0	0	0	255	0	0	0	0	255	0	0	0	0	255	0	0	0	0	255	0	0	0	0	255	0	0	0	0	255	0	0	0	0	255	0	0	0	0	255	0	0	0	0	255	0	0	0	0	255	0	0	0	0	255			0	0	0	0	0	0	0	0	0	0	0	0
Skeleton Key	Skeleton Key	0	1	1	1	0	1	0	45	key	key	0	16	0	0	1	1	flpkey	invkey			0	xxx			0	0	41	15	0	0	5	0	0	0	0	1	1	6	0	0	-1	0	0	0	non	0	0	0	0	0	255	5	9	5	9	255	1	2	1	2	255	0	0	0	0	255	6	9	6	9	255	0	0	0	0	255	2	3	2	3	255	0	0	0	0	255	0	0	0	0	255	0	0	0	0	255	0	0	0	0	255	0	0	0	0	255	0	0	0	0	255	0	0	0	0	255			0	0	0	0	0	0	0	0	0	0	0	0
Mephisto Key	Mephisto Key	0	1	0	1	0	1	0	99999	luv	key	0	16	0	0	1	2	flpmph	invmph			0	xxx			0	0	41	15	0	0	5	0	0	0	0	0	0	0	20	0	-1	0	0	0	non	0	0	0	0	0	255	0	0	0	0	255	0	0	0	0	255	0	0	0	0	255	0	0	0	0	255	0	0	0	0	255	0	0	0	0	255	0	0	0	0	255	0	0	0	0	255	0	0	0	0	255	0	0	0	0	255	0	0	0	0	255	0	0	0	0	255	0	0	0	0	255			0	0	0	0	0	0	0	0	0	0	0	0
scroll of self resurrect	scroll of self resurrect	0	999	0	1	0	1	0	10000	xyz	scr	0	16	0	0	1	1	flpwps	invxyz			0	xxx			1	0	39	22	0	0	5	0	0	0	0	0	0	0	19	0	-1	0	0	0	non	0	0	0	0	0	255	0	0	0	0	255	0	0	0	0	255	0	0	0	0	255	0	0	0	0	255	0	0	0	0	255	0	0	0	0	255	0	0	0	0	255	0	0	0	0	255	0	0	0	0	255	0	0	0	0	255	0	0	0	0	255	0	0	0	0	255	0	0	0	0	255			0	0	0	0	0	0	0	0	0	0	0	0
jade figurine	jade figurine	0	0	0	1	0	1	0	100	j34	bks	0	16	0	0	1	2	flpjbi	invjbi			0	xxx			0	0	39	24	1	0	3	0	0	0	0	0	0	0	19	0	-1	0	0	0	non	0	0	0	0	0	255	0	0	0	0	255	0	0	0	0	255	0	0	0	0	255	0	0	0	0	255	0	0	0	0	255	0	0	0	0	255	0	0	0	0	255	0	0	0	0	255	0	0	0	0	255	0	0	0	0	255	0	0	0	0	255	0	0	0	0	255	0	0	0	0	255			0	0	0	0	0	0	0	0	0	0	0	0
gold bird	gold bird	0	0	0	1	0	1	0	100	g34	bks	0	16	0	0	1	2	flpgbi	invgbi			0	xxx			0	0	39	24	1	0	4	0	0	0	0	0	0	0	19	0	-1	0	0	0	non	0	0	0	0	0	255	0	0	0	0	255	0	0	0	0	255	0	0	0	0	255	0	0	0	0	255	0	0	0	0	255	0	0	0	0	255	0	0	0	0	255	0	0	0	0	255	0	0	0	0	255	0	0	0	0	255	0	0	0	0	255	0	0	0	0	255	0	0	0	0	255			0	0	0	0	0	0	0	0	0	0	0	0
lam esen's tome	lam esen's tome	0	0	0	1	0	1	0	100	bbb	bbb	0	16	0	0	2	2	flpbbb	invbbb			0	xxx			0	0	39	3	1	0	5	0	0	0	0	0	0	0	16	0	-1	0	0	0	non	0	0	0	0	0	255	0	0	0	0	255	0	0	0	0	255	0	0	0	0	255	0	0	0	0	255	0	0	0	0	255	0	0	0	0	255	0	0	0	0	255	0	0	0	0	255	0	0	0	0	255	0	0	0	0	255	0	0	0	0	255	0	0	0	0	255	0	0	0	0	255			0	0	0	0	0	0	0	0	0	0	0	0
Horadric Cube	Horadric Cube	0	0	0	1	0	1	0	0	box	rbk	0	16	0	0	2	2	flpbox	invbox			0	xxx			1	0	39	24	0	0	5	0	0	0	0	0	0	0	10	0	-1	0	0	0	non	0	0	0	0	0	255	0	0	0	0	255	0	0	0	0	255	0	0	0	0	255	0	0	0	0	255	0	0	0	0	255	0	0	0	0	255	0	0	0	0	255	0	0	0	0	255	0	0	0	0	255	0	0	0	0	255	0	0	0	0	255	0	0	0	0	255	0	0	0	0	255			0	0	0	0	0	0	0	0	0	0	0	0
Scroll of Horadric Quest Info	Scroll of Horadric Quest Info	0	999	0	1	0	1	0	0	tr1	grg	0	16	0	0	2	2	flphscr	invhscr			0	xxx			0	0	39	3	1	0	5	0	0	0	0	0	0	0	10	0	-1	0	0	0	non	0	0	0	0	0	255	0	0	0	0	255	0	0	0	0	255	0	0	0	0	255	0	0	0	0	255	0	0	0	0	255	0	0	0	0	255	0	0	0	0	255	0	0	0	0	255	0	0	0	0	255	0	0	0	0	255	0	0	0	0	255	0	0	0	0	255	0	0	0	0	255			0	0	0	0	0	0	0	0	0	0	0	0
Mephisto SoulStone	Mephisto SoulStone	0	999	0	1	0	1	0	0	mss	scr	0	16	0	0	1	1	flpmss	invmss			0	xxx			0	0	39	9	1	0	5	0	0	0	0	0	0	0	23	0	-1	0	0	0	non	0	0	0	0	0	255	0	0	0	0	255	0	0	0	0	255	0	0	0	0	255	0	0	0	0	255	0	0	0	0	255	0	0	0	0	255	0	0	0	0	255	0	0	0	0	255	0	0	0	0	255	0	0	0	0	255	0	0	0	0	255	0	0	0	0	255	0	0	0	0	255			0	0	0	0	0	0	0	0	0	0	0	0
Book of Skill	Book of Skill	0	999	0	1	0	1	0	0	ass	tbk	0	16	0	0	2	2	flpbbk	invsbk			0	xxx			1	0	39	3	1	0	5	0	0	0	0	0	0	0	15	0	-1	0	0	0	non	0	0	0	0	0	255	0	0	0	0	255	0	0	0	0	255	0	0	0	0	255	0	0	0	0	255	0	0	0	0	255	0	0	0	0	255	0	0	0	0	255	0	0	0	0	255	0	0	0	0	255	0	0	0	0	255	0	0	0	0	255	0	0	0	0	255	0	0	0	0	255			0	0	0	0	0	0	0	0	0	0	0	0
KhalimEye	KhalimEye	0	1	0	1	0	1	1	45	qey	eyz	0	16	0	0	1	1	flpeye	inveye			0	xxx	 	 	0	0	39	20	0	0	5	0	0	0	0	0	0	0	17	0	-1	0	0	0	non	0	0	0	0	0	255	0	0	0	0	255	0	0	0	0	255	0	0	0	0	255	0	0	0	0	255	0	0	0	0	255	0	0	0	0	255	0	0	0	0	255	0	0	0	0	255	0	0	0	0	255	0	0	0	0	255	0	0	0	0	255	0	0	0	0	255	0	0	0	0	255			0	0	0	0	0	0	0	0	0	0	0	0
KhalimHeart	KhalimHeart	0	1	0	1	0	1	1	60	qhr	hrt	0	16	0	0	1	1	flphrt	invhrt			0	xxx	 	 	0	0	39	20	0	0	5	0	0	0	0	0	0	0	17	0	-1	0	0	0	non	0	0	0	0	0	255	0	0	0	0	255	0	0	0	0	255	0	0	0	0	255	0	0	0	0	255	0	0	0	0	255	0	0	0	0	255	0	0	0	0	255	0	0	0	0	255	0	0	0	0	255	0	0	0	0	255	0	0	0	0	255	0	0	0	0	255	0	0	0	0	255			0	0	0	0	0	0	0	0	0	0	0	0
KhalimBrain	KhalimBrain	0	1	0	1	0	1	1	60	qbr	brz	0	16	0	0	1	1	flpbrnz	invbrnz			0	xxx	 	 	0	0	39	20	0	0	5	0	0	0	0	0	0	0	17	0	-1	0	0	0	non	0	0	0	0	0	255	0	0	0	0	255	0	0	0	0	255	0	0	0	0	255	0	0	0	0	255	0	0	0	0	255	0	0	0	0	255	0	0	0	0	255	0	0	0	0	255	0	0	0	0	255	0	0	0	0	255	0	0	0	0	255	0	0	0	0	255	0	0	0	0	255			0	0	0	0	0	0	0	0	0	0	0	0
Player Ear	Player Ear	0	1	0	0	0	1	0	0	ear	ear	0	16	0	0	1	1	flpear	invear			0	xxx			0	0	7	20	0	0	5	0	0	0	0	0	0	0	0	0	-1	0	0	0	non	0	0	0	0	0	255	0	0	0	0	255	0	0	0	0	255	0	0	0	0	255	0	0	0	0	255	0	0	0	0	255	0	0	0	0	255	0	0	0	0	255	0	0	0	0	255	0	0	0	0	255	0	0	0	0	255	0	0	0	0	255	0	0	0	0	255	0	0	0	0	255			0	0	0	0	0	0	0	0	0	0	0	0
Chipped Amethyst	Chipped Amethyst	0	2	1	1	0	1	0	500	gcv	gcv	0	16	0	0	1	1	flpgsv	invgsva			0	xxx			0	0	20	9	0	0	5	0	0	0	0	0	0	0	0	0	-1	0	0	0	gfv	0	0	0	0	0	255	0	0	0	0	255	0	0	0	0	255	0	0	0	0	255	0	0	0	0	255	0	0	0	0	255	0	0	0	0	255	0	0	0	0	255	0	0	0	0	255	0	0	0	0	255	0	0	0	0	255	0	0	0	0	255	0	0	0	0	255	0	0	0	0	255			0	0	0	0	0	0	0	0	0	0	0	0
Flawed Amethyst	Flawed Amethyst	0	3	1	1	0	1	0	1500	gfv	gfv	0	16	0	0	1	1	flpgsv	invgsvb			0	xxx			0	0	20	9	0	0	5	0	0	0	0	0	0	0	0	0	-1	0	0	0	gsv	0	0	0	0	0	255	0	0	0	0	255	0	0	0	0	255	0	0	0	0	255	0	0	0	0	255	0	0	0	0	255	0	0	0	0	255	0	0	0	0	255	0	0	0	0	255	0	0	0	0	255	0	0	0	0	255	0	0	0	0	255	0	0	0	0	255	0	0	0	0	255			0	0	0	0	0	0	0	0	0	0	0	0
Amethyst	Amethyst	0	4	1	1	0	1	0	5000	gsv	gsv	0	16	0	0	1	1	flpgsv	invgsvc			0	xxx			0	0	20	9	0	0	5	0	0	0	0	0	0	0	0	0	-1	0	0	0	gzv	0	0	0	0	0	255	0	0	0	0	255	0	0	0	0	255	0	0	0	0	255	0	0	0	0	255	0	0	0	0	255	0	0	0	0	255	0	0	0	0	255	0	0	0	0	255	0	0	0	0	255	0	0	0	0	255	0	0	0	0	255	0	0	0	0	255	0	0	0	0	255			0	0	0	0	0	0	0	0	0	0	0	0
Flawless Amethyst	Flawless Amethyst	0	5	1	1	0	1	0	15000	gzv	gzv	0	16	0	0	1	1	flpgsv	invgsvd			0	xxx			0	0	20	9	0	0	5	0	0	0	0	0	0	0	0	0	-1	0	0	0	gpv	0	0	0	0	0	255	0	0	0	0	255	0	0	0	0	255	0	0	0	0	255	0	0	0	0	255	0	0	0	0	255	0	0	0	0	255	0	0	0	0	255	0	0	0	0	255	0	0	0	0	255	0	0	0	0	255	0	0	0	0	255	0	0	0	0	255	0	0	0	0	255			0	0	0	0	0	0	0	0	0	0	0	0
Perfect Amethyst	Perfect Amethyst	0	6	1	1	0	1	0	30000	gpv	gpv	0	16	0	0	1	1	flpgsv	invgsve			0	xxx			0	0	20	9	0	0	5	0	0	0	0	0	0	0	0	0	-1	0	0	0	non	0	0	0	0	0	255	0	0	0	0	255	0	0	0	0	255	0	0	0	0	255	0	0	0	0	255	0	0	0	0	255	0	0	0	0	255	0	0	0	0	255	0	0	0	0	255	0	0	0	0	255	0	0	0	0	255	0	0	0	0	255	0	0	0	0	255	0	0	0	0	255			0	0	0	0	0	0	0	0	0	0	0	0
Chipped Topaz	Chipped Topaz	0	3	1	1	0	1	0	500	gcy	gcy	0	16	0	0	1	1	flpgsy	invgsya			0	xxx			0	0	20	9	0	0	5	0	0	0	0	0	0	0	0	0	-1	0	0	0	gfy	0	0	0	0	0	255	0	0	0	0	255	0	0	0	0	255	0	0	0	0	255	0	0	0	0	255	0	0	0	0	255	0	0	0	0	255	0	0	0	0	255	0	0	0	0	255	0	0	0	0	255	0	0	0	0	255	0	0	0	0	255	0	0	0	0	255	0	0	0	0	255			0	0	0	0	0	0	0	0	0	0	0	0
Flawed Topaz	Flawed Topaz	0	4	1	1	0	1	0	1500	gfy	gfy	0	16	0	0	1	1	flpgsy	invgsyb			0	xxx			0	0	20	9	0	0	5	0	0	0	0	0	0	0	0	0	-1	0	0	0	gsy	0	0	0	0	0	255	0	0	0	0	255	0	0	0	0	255	0	0	0	0	255	0	0	0	0	255	0	0	0	0	255	0	0	0	0	255	0	0	0	0	255	0	0	0	0	255	0	0	0	0	255	0	0	0	0	255	0	0	0	0	255	0	0	0	0	255	0	0	0	0	255			0	0	0	0	0	0	0	0	0	0	0	0
Topaz	Topaz	0	5	1	1	0	1	0	5000	gsy	gsy	0	16	0	0	1	1	flpgsy	invgsyc			0	xxx			0	0	20	9	0	0	5	0	0	0	0	0	0	0	0	0	-1	0	0	0	gly	0	0	0	0	0	255	0	0	0	0	255	0	0	0	0	255	0	0	0	0	255	0	0	0	0	255	0	0	0	0	255	0	0	0	0	255	0	0	0	0	255	0	0	0	0	255	0	0	0	0	255	0	0	0	0	255	0	0	0	0	255	0	0	0	0	255	0	0	0	0	255			0	0	0	0	0	0	0	0	0	0	0	0
Flawless Topaz	Flawless Topaz	0	6	1	1	0	1	0	15000	gly	gly	0	16	0	0	1	1	flpgsy	invgsyd			0	xxx			0	0	20	9	0	0	5	0	0	0	0	0	0	0	0	0	-1	0	0	0	gpy	0	0	0	0	0	255	0	0	0	0	255	0	0	0	0	255	0	0	0	0	255	0	0	0	0	255	0	0	0	0	255	0	0	0	0	255	0	0	0	0	255	0	0	0	0	255	0	0	0	0	255	0	0	0	0	255	0	0	0	0	255	0	0	0	0	255	0	0	0	0	255			0	0	0	0	0	0	0	0	0	0	0	0
Perfect Topaz	Perfect Topaz	0	7	1	1	0	1	0	30000	gpy	gpy	0	16	0	0	1	1	flpgsy	invgsye			0	xxx			0	0	20	9	0	0	5	0	0	0	0	0	0	0	0	0	-1	0	0	0	non	0	0	0	0	0	255	0	0	0	0	255	0	0	0	0	255	0	0	0	0	255	0	0	0	0	255	0	0	0	0	255	0	0	0	0	255	0	0	0	0	255	0	0	0	0	255	0	0	0	0	255	0	0	0	0	255	0	0	0	0	255	0	0	0	0	255	0	0	0	0	255			0	0	0	0	0	0	0	0	0	0	0	0
Chipped Saphire	Chipped Saphire	0	4	1	1	0	1	0	500	gcb	gcb	0	16	0	0	1	1	flpgsb	invgsba			0	xxx			0	0	20	9	0	0	5	0	0	0	0	0	0	0	0	0	-1	0	0	0	gfb	0	0	0	0	0	255	0	0	0	0	255	0	0	0	0	255	0	0	0	0	255	0	0	0	0	255	0	0	0	0	255	0	0	0	0	255	0	0	0	0	255	0	0	0	0	255	0	0	0	0	255	0	0	0	0	255	0	0	0	0	255	0	0	0	0	255	0	0	0	0	255			0	0	0	0	0	0	0	0	0	0	0	0
Flawed Saphire	Flawed Saphire	0	5	1	1	0	1	0	1500	gfb	gfb	0	16	0	0	1	1	flpgsb	invgsbb			0	xxx			0	0	20	9	0	0	5	0	0	0	0	0	0	0	0	0	-1	0	0	0	gsb	0	0	0	0	0	255	0	0	0	0	255	0	0	0	0	255	0	0	0	0	255	0	0	0	0	255	0	0	0	0	255	0	0	0	0	255	0	0	0	0	255	0	0	0	0	255	0	0	0	0	255	0	0	0	0	255	0	0	0	0	255	0	0	0	0	255	0	0	0	0	255			0	0	0	0	0	0	0	0	0	0	0	0
Saphire	Saphire	0	6	1	1	0	1	0	5000	gsb	gsb	0	16	0	0	1	1	flpgsb	invgsbc			0	xxx			0	0	20	9	0	0	5	0	0	0	0	0	0	0	0	0	-1	0	0	0	glb	0	0	0	0	0	255	0	0	0	0	255	0	0	0	0	255	0	0	0	0	255	0	0	0	0	255	0	0	0	0	255	0	0	0	0	255	0	0	0	0	255	0	0	0	0	255	0	0	0	0	255	0	0	0	0	255	0	0	0	0	255	0	0	0	0	255	0	0	0	0	255			0	0	0	0	0	0	0	0	0	0	0	0
Flawless Saphire	Flawless Saphire	0	7	1	1	0	1	0	15000	glb	glb	0	16	0	0	1	1	flpgsb	invgsbd			0	xxx			0	0	20	9	0	0	5	0	0	0	0	0	0	0	0	0	-1	0	0	0	gpb	0	0	0	0	0	255	0	0	0	0	255	0	0	0	0	255	0	0	0	0	255	0	0	0	0	255	0	0	0	0	255	0	0	0	0	255	0	0	0	0	255	0	0	0	0	255	0	0	0	0	255	0	0	0	0	255	0	0	0	0	255	0	0	0	0	255	0	0	0	0	255			0	0	0	0	0	0	0	0	0	0	0	0
Perfect Saphire	Perfect Saphire	0	8	1	1	0	1	0	30000	gpb	gpb	0	16	0	0	1	1	flpgsb	invgsbe			0	xxx			0	0	20	9	0	0	5	0	0	0	0	0	0	0	0	0	-1	0	0	0	non	0	0	0	0	0	255	0	0	0	0	255	0	0	0	0	255	0	0	0	0	255	0	0	0	0	255	0	0	0	0	255	0	0	0	0	255	0	0	0	0	255	0	0	0	0	255	0	0	0	0	255	0	0	0	0	255	0	0	0	0	255	0	0	0	0	255	0	0	0	0	255			0	0	0	0	0	0	0	0	0	0	0	0
Chipped Emerald	Chipped Emerald	0	5	1	1	0	1	0	500	gcg	gcg	0	16	0	0	1	1	flpgsg	invgsga			0	xxx			0	0	20	9	0	0	5	0	0	0	0	0	0	0	0	0	-1	0	0	0	gfg	0	0	0	0	0	255	0	0	0	0	255	0	0	0	0	255	0	0	0	0	255	0	0	0	0	255	0	0	0	0	255	0	0	0	0	255	0	0	0	0	255	0	0	0	0	255	0	0	0	0	255	0	0	0	0	255	0	0	0	0	255	0	0	0	0	255	0	0	0	0	255			0	0	0	0	0	0	0	0	0	0	0	0
Flawed Emerald	Flawed Emerald	0	6	1	1	0	1	0	1500	gfg	gfg	0	16	0	0	1	1	flpgsg	invgsgb			0	xxx			0	0	20	9	0	0	5	0	0	0	0	0	0	0	0	0	-1	0	0	0	gsg	0	0	0	0	0	255	0	0	0	0	255	0	0	0	0	255	0	0	0	0	255	0	0	0	0	255	0	0	0	0	255	0	0	0	0	255	0	0	0	0	255	0	0	0	0	255	0	0	0	0	255	0	0	0	0	255	0	0	0	0	255	0	0	0	0	255	0	0	0	0	255			0	0	0	0	0	0	0	0	0	0	0	0
Emerald	Emerald	0	7	1	1	0	1	0	5000	gsg	gsg	0	16	0	0	1	1	flpgsg	invgsgc			0	xxx			0	0	20	9	0	0	5	0	0	0	0	0	0	0	0	0	-1	0	0	0	glg	0	0	0	0	0	255	0	0	0	0	255	0	0	0	0	255	0	0	0	0	255	0	0	0	0	255	0	0	0	0	255	0	0	0	0	255	0	0	0	0	255	0	0	0	0	255	0	0	0	0	255	0	0	0	0	255	0	0	0	0	255	0	0	0	0	255	0	0	0	0	255			0	0	0	0	0	0	0	0	0	0	0	0
Flawless Emerald	Flawless Emerald	0	8	1	1	0	1	0	15000	glg	glg	0	16	0	0	1	1	flpgsg	invgsgd			0	xxx			0	0	20	9	0	0	5	0	0	0	0	0	0	0	0	0	-1	0	0	0	gpg	0	0	0	0	0	255	0	0	0	0	255	0	0	0	0	255	0	0	0	0	255	0	0	0	0	255	0	0	0	0	255	0	0	0	0	255	0	0	0	0	255	0	0	0	0	255	0	0	0	0	255	0	0	0	0	255	0	0	0	0	255	0	0	0	0	255	0	0	0	0	255		 	0	0	0	0	0	0	0	0	0	0	0	0
Perfect Emerald	Perfect Emerald	0	9	1	1	0	1	0	30000	gpg	gpg	0	16	0	0	1	1	flpgsg	invgsge			0	xxx			0	0	20	9	0	0	5	0	0	0	0	0	0	0	0	0	-1	0	0	0	non	0	0	0	0	0	255	0	0	0	0	255	0	0	0	0	255	0	0	0	0	255	0	0	0	0	255	0	0	0	0	255	0	0	0	0	255	0	0	0	0	255	0	0	0	0	255	0	0	0	0	255	0	0	0	0	255	0	0	0	0	255	0	0	0	0	255	0	0	0	0	255			0	0	0	0	0	0	0	0	0	0	0	0
Chipped Ruby	Chipped Ruby	0	6	1	1	0	1	0	500	gcr	gcr	0	16	0	0	1	1	flpgsr	invgsra			0	xxx			0	0	20	9	0	0	5	0	0	0	0	0	0	0	0	0	-1	0	0	0	gfr	0	0	0	0	0	255	0	0	0	0	255	0	0	0	0	255	0	0	0	0	255	0	0	0	0	255	0	0	0	0	255	0	0	0	0	255	0	0	0	0	255	0	0	0	0	255	0	0	0	0	255	0	0	0	0	255	0	0	0	0	255	0	0	0	0	255	0	0	0	0	255			0	0	0	0	0	0	0	0	0	0	0	0
Flawed Ruby	Flawed Ruby	0	7	1	1	0	1	0	1500	gfr	gfr	0	16	0	0	1	1	flpgsr	invgsrb			0	xxx			0	0	20	9	0	0	5	0	0	0	0	0	0	0	0	0	-1	0	0	0	gsr	0	0	0	0	0	255	0	0	0	0	255	0	0	0	0	255	0	0	0	0	255	0	0	0	0	255	0	0	0	0	255	0	0	0	0	255	0	0	0	0	255	0	0	0	0	255	0	0	0	0	255	0	0	0	0	255	0	0	0	0	255	0	0	0	0	255	0	0	0	0	255			0	0	0	0	0	0	0	0	0	0	0	0
Ruby	Ruby	0	8	1	1	0	1	0	5000	gsr	gsr	0	16	0	0	1	1	flpgsr	invgsrc			0	xxx			0	0	20	9	0	0	5	0	0	0	0	0	0	0	0	0	-1	0	0	0	glr	0	0	0	0	0	255	0	0	0	0	255	0	0	0	0	255	0	0	0	0	255	0	0	0	0	255	0	0	0	0	255	0	0	0	0	255	0	0	0	0	255	0	0	0	0	255	0	0	0	0	255	0	0	0	0	255	0	0	0	0	255	0	0	0	0	255	0	0	0	0	255			0	0	0	0	0	0	0	0	0	0	0	0
Flawless Ruby	Flawless Ruby	0	9	1	1	0	1	0	15000	glr	glr	0	16	0	0	1	1	flpgsr	invgsrd			0	xxx			0	0	20	9	0	0	5	0	0	0	0	0	0	0	0	0	-1	0	0	0	gpr	0	0	0	0	0	255	0	0	0	0	255	0	0	0	0	255	0	0	0	0	255	0	0	0	0	255	0	0	0	0	255	0	0	0	0	255	0	0	0	0	255	0	0	0	0	255	0	0	0	0	255	0	0	0	0	255	0	0	0	0	255	0	0	0	0	255	0	0	0	0	255			0	0	0	0	0	0	0	0	0	0	0	0
Perfect Ruby	Perfect Ruby	0	10	1	1	0	1	0	30000	gpr	gpr	0	16	0	0	1	1	flpgsr	invgsre			0	xxx			0	0	20	9	0	0	5	0	0	0	0	0	0	0	0	0	-1	0	0	0	non	0	0	0	0	0	255	0	0	0	0	255	0	0	0	0	255	0	0	0	0	255	0	0	0	0	255	0	0	0	0	255	0	0	0	0	255	0	0	0	0	255	0	0	0	0	255	0	0	0	0	255	0	0	0	0	255	0	0	0	0	255	0	0	0	0	255	0	0	0	0	255			0	0	0	0	0	0	0	0	0	0	0	0
Chipped Diamond	Chipped Diamond	0	7	1	1	0	1	0	500	gcw	gcw	0	16	0	0	1	1	flpgsw	invgswa			0	xxx			0	0	20	9	0	0	5	0	0	0	0	0	0	0	0	0	-1	0	0	0	gfw	0	0	0	0	0	255	0	0	0	0	255	0	0	0	0	255	0	0	0	0	255	0	0	0	0	255	0	0	0	0	255	0	0	0	0	255	0	0	0	0	255	0	0	0	0	255	0	0	0	0	255	0	0	0	0	255	0	0	0	0	255	0	0	0	0	255	0	0	0	0	255			0	0	0	0	0	0	0	0	0	0	0	0
Flawed Diamond	Flawed Diamond	0	8	1	1	0	1	0	1500	gfw	gfw	0	16	0	0	1	1	flpgsw	invgswb			0	xxx			0	0	20	9	0	0	5	0	0	0	0	0	0	0	0	0	-1	0	0	0	gsw	0	0	0	0	0	255	0	0	0	0	255	0	0	0	0	255	0	0	0	0	255	0	0	0	0	255	0	0	0	0	255	0	0	0	0	255	0	0	0	0	255	0	0	0	0	255	0	0	0	0	255	0	0	0	0	255	0	0	0	0	255	0	0	0	0	255	0	0	0	0	255			0	0	0	0	0	0	0	0	0	0	0	0
Diamond	Diamond	0	9	1	1	0	1	0	5000	gsw	gsw	0	16	0	0	1	1	flpgsw	invgswc			0	xxx			0	0	20	9	0	0	5	0	0	0	0	0	0	0	0	0	-1	0	0	0	glw	0	0	0	0	0	255	0	0	0	0	255	0	0	0	0	255	0	0	0	0	255	0	0	0	0	255	0	0	0	0	255	0	0	0	0	255	0	0	0	0	255	0	0	0	0	255	0	0	0	0	255	0	0	0	0	255	0	0	0	0	255	0	0	0	0	255	0	0	0	0	255			0	0	0	0	0	0	0	0	0	0	0	0
Flawless Diamond	Flawless Diamond	0	10	1	1	0	1	0	15000	glw	glw	0	16	0	0	1	1	flpgsw	invgswd			0	xxx			0	0	20	9	0	0	5	0	0	0	0	0	0	0	0	0	-1	0	0	0	gpw	0	0	0	0	0	255	0	0	0	0	255	0	0	0	0	255	0	0	0	0	255	0	0	0	0	255	0	0	0	0	255	0	0	0	0	255	0	0	0	0	255	0	0	0	0	255	0	0	0	0	255	0	0	0	0	255	0	0	0	0	255	0	0	0	0	255	0	0	0	0	255			0	0	0	0	0	0	0	0	0	0	0	0
Perfect Diamond	Perfect Diamond	0	11	1	1	0	1	0	30000	gpw	gpw	0	16	0	0	1	1	flpgsw	invgswe			0	xxx			0	0	20	9	0	0	5	0	0	0	0	0	0	0	0	0	-1	0	0	0	non	0	0	0	0	0	255	0	0	0	0	255	0	0	0	0	255	0	0	0	0	255	0	0	0	0	255	0	0	0	0	255	0	0	0	0	255	0	0	0	0	255	0	0	0	0	255	0	0	0	0	255	0	0	0	0	255	0	0	0	0	255	0	0	0	0	255	0	0	0	0	255			0	0	0	0	0	0	0	0	0	0	0	0
Lesser Healing Potion	Lesser Healing Potion	0	1	1	1	0	1	1	30	hp1	hp1	0	16	0	0	1	1	flprps	invhp1			0	xxx			1	0	9	22	0	0	5	0	0	1	1	0	0	0	0	0	-1	0	0	0	non	0	0	0	0	0	255	0	0	0	0	255	8	16	0	0	255	0	0	0	0	255	4	8	0	0	255	2	4	0	0	255	0	0	0	0	255	0	0	0	0	255	2	4	0	0	255	0	0	0	0	255	0	0	0	0	255	0	0	0	0	255	0	0	0	0	255	2	4	0	0	255			0	0	0	0	0	0	0	0	3	4	0	0
Light Healing Potion	Light Healing Potion	0	1	1	1	0	1	1	75	hp2	hp2	0	16	0	0	1	1	flprps	invhp2			0	xxx			1	0	9	22	0	0	5	0	0	1	1	0	0	0	0	0	-1	0	0	0	non	0	0	0	0	0	255	0	0	0	0	255	0	0	0	0	255	0	0	0	0	255	8	16	0	0	255	4	8	0	0	255	0	0	0	0	255	0	0	0	0	255	4	8	0	0	255	0	0	0	0	255	0	0	0	0	255	0	0	0	0	255	0	0	0	0	255	2	4	0	0	255			0	0	0	0	0	0	0	0	2	3	0	0
Healing Potion	Healing Potion	0	1	1	1	0	1	1	125	hp3	hp3	0	16	0	0	1	1	flprps	invhp3			0	xxx			1	0	9	22	0	0	5	0	0	1	1	0	0	0	0	0	-1	0	0	0	non	0	0	0	0	0	255	0	0	0	0	255	0	0	0	0	255	0	0	0	0	255	0	0	0	0	255	0	0	0	0	255	0	0	0	0	255	0	0	0	0	255	8	16	0	0	255	0	0	0	0	255	0	0	0	0	255	0	0	0	0	255	0	0	0	0	255	4	8	0	0	255			0	0	0	0	0	0	0	0	1	2	0	0
Strong Healing Potion	Strong Healing Potion	0	1	1	1	0	1	1	250	hp4	hp4	0	16	0	0	1	1	flprpl	invhp4			0	xxx			1	0	9	22	0	0	5	0	0	1	1	0	0	0	0	0	-1	0	0	0	non	0	0	0	0	0	255	0	0	0	0	255	0	0	0	0	255	0	0	0	0	255	0	0	0	0	255	0	0	0	0	255	0	0	0	0	255	0	0	0	0	255	0	0	0	0	255	0	0	0	0	255	0	0	0	0	255	0	0	0	0	255	0	0	0	0	255	8	16	0	0	255			0	0	0	0	0	0	0	0	0	1	0	0
Greater Healing Potion	Greater Healing Potion	0	1	1	1	0	1	1	500	hp5	hp5	0	16	0	0	1	1	flprpl	invhp5			0	xxx			1	0	9	22	0	0	5	0	0	1	1	0	0	0	0	0	-1	0	0	0	non	0	0	0	0	0	255	0	0	0	0	255	0	0	0	0	255	0	0	0	0	255	0	0	0	0	255	0	0	0	0	255	0	0	0	0	255	0	0	0	0	255	0	0	0	0	255	0	0	0	0	255	0	0	0	0	255	0	0	0	0	255	0	0	0	0	255	0	0	0	0	255			0	0	0	0	0	0	0	0	0	0	0	0
Lesser Mana Potion	Lesser Mana Potion	0	1	1	1	0	1	1	30	mp1	mp1	0	16	0	0	1	1	flpbps	invmp1			0	xxx			1	0	9	22	0	0	5	0	0	1	1	0	0	0	0	0	-1	0	0	0	non	0	0	0	0	0	255	0	0	0	0	255	0	0	0	0	255	0	0	0	0	255	0	0	0	0	255	0	0	0	0	255	0	0	0	0	255	0	0	0	0	255	0	0	0	0	255	0	0	0	0	255	0	0	0	0	255	0	0	0	0	255	0	0	0	0	255	0	0	0	0	255			0	0	0	0	0	0	0	0	0	0	0	0
Light Mana Potion	Light Mana Potion	0	1	1	1	0	1	1	75	mp2	mp2	0	16	0	0	1	1	flpbps	invmp2			0	xxx			1	0	9	22	0	0	5	0	0	1	1	0	0	0	0	0	-1	0	0	0	non	0	0	0	0	0	255	0	0	0	0	255	0	0	0	0	255	0	0	0	0	255	0	0	0	0	255	0	0	0	0	255	0	0	0	0	255	0	0	0	0	255	0	0	0	0	255	0	0	0	0	255	0	0	0	0	255	0	0	0	0	255	0	0	0	0	255	0	0	0	0	255			0	0	0	0	0	0	0	0	0	0	0	0
Mana Potion	Mana Potion	0	1	1	1	0	1	1	125	mp3	mp3	0	16	0	0	1	1	flpbps	invmp3			0	xxx			1	0	9	22	0	0	5	0	0	1	1	0	0	0	0	0	-1	0	0	0	non	0	0	0	0	0	255	0	0	0	0	255	0	0	0	0	255	0	0	0	0	255	0	0	0	0	255	0	0	0	0	255	0	0	0	0	255	0	0	0	0	255	0	0	0	0	255	0	0	0	0	255	0	0	0	0	255	0	0	0	0	255	0	0	0	0	255	0	0	0	0	255			0	0	0	0	0	0	0	0	0	0	0	0
Strong Mana Potion	Strong Mana Potion	0	1	1	1	0	1	1	250	mp4	mp4	0	16	0	0	1	1	flpbpl	invmp4			0	xxx			1	0	9	22	0	0	5	0	0	1	1	0	0	0	0	0	-1	0	0	0	non	0	0	0	0	0	255	0	0	0	0	255	0	0	0	0	255	0	0	0	0	255	0	0	0	0	255	0	0	0	0	255	0	0	0	0	255	0	0	0	0	255	0	0	0	0	255	0	0	0	0	255	0	0	0	0	255	0	0	0	0	255	0	0	0	0	255	0	0	0	0	255			0	0	0	0	0	0	0	0	0	0	0	0
Greater Mana Potion	Greater Mana Potion	0	1	1	1	0	1	1	500	mp5	mp5	0	16	0	0	1	1	flpbpl	invmp5			0	xxx			1	0	9	22	0	0	5	0	0	1	1	0	0	0	0	0	-1	0	0	0	non	0	0	0	0	0	255	0	0	0	0	255	0	0	0	0	255	0	0	0	0	255	0	0	0	0	255	0	0	0	0	255	0	0	0	0	255	0	0	0	0	255	0	0	0	0	255	0	0	0	0	255	0	0	0	0	255	0	0	0	0	255	0	0	0	0	255	0	0	0	0	255			0	0	0	0	0	0	0	0	0	0	0	0
Chipped Skull	Chipped Skull	1	8	1	1	0	1	0	1000	skc	skc	0	16	0	0	1	1	flpskl	invskc			0	xxx			0	0	20	19	0	0	5	0	0	0	0	0	0	0	0	0	-1	0	0	0	skf	0	0	0	0	0	255	0	0	0	0	255	0	0	0	0	255	0	0	0	0	255	0	0	0	0	255	0	0	0	0	255	0	0	0	0	255	0	0	0	0	255	0	0	0	0	255	0	0	0	0	255	0	0	0	0	255	0	0	0	0	255	0	0	0	0	255	0	0	0	0	255			0	0	0	0	0	0	0	0	0	0	0	0
Flawed Skull	Flawed Skull	14	9	1	1	0	1	0	3000	skf	skf	0	16	0	0	1	1	flpskl	invskf			0	xxx			0	0	20	19	0	0	5	0	0	0	0	0	0	0	0	0	-1	0	0	0	sku	0	0	0	0	0	255	0	0	0	0	255	0	0	0	0	255	0	0	0	0	255	0	0	0	0	255	0	0	0	0	255	0	0	0	0	255	0	0	0	0	255	0	0	0	0	255	0	0	0	0	255	0	0	0	0	255	0	0	0	0	255	0	0	0	0	255	0	0	0	0	255			0	0	0	0	0	0	0	0	0	0	0	0
Skull	Skull	21	10	1	1	0	1	0	10000	sku	sku	0	16	0	0	1	1	flpskl	invsku			0	xxx			0	0	20	19	0	0	5	0	0	0	0	0	0	0	0	0	-1	0	0	0	skl	0	0	0	0	0	255	0	0	0	0	255	0	0	0	0	255	0	0	0	0	255	0	0	0	0	255	0	0	0	0	255	0	0	0	0	255	0	0	0	0	255	0	0	0	0	255	0	0	0	0	255	0	0	0	0	255	0	0	0	0	255	0	0	0	0	255	0	0	0	0	255			0	0	0	0	0	0	0	0	0	0	0	0
Flawless Skull	Flawless Skull	26	11	1	1	0	1	0	30000	skl	skl	0	16	0	0	1	1	flpskl	invskl			0	xxx			0	0	20	19	0	0	5	0	0	0	0	0	0	0	0	0	-1	0	0	0	skz	0	0	0	0	0	255	0	0	0	0	255	0	0	0	0	255	0	0	0	0	255	0	0	0	0	255	0	0	0	0	255	0	0	0	0	255	0	0	0	0	255	0	0	0	0	255	0	0	0	0	255	0	0	0	0	255	0	0	0	0	255	0	0	0	0	255	0	0	0	0	255			0	0	0	0	0	0	0	0	0	0	0	0
Perfect Skull	Perfect Skull	30	12	1	1	0	1	0	100000	skz	skz	0	16	0	0	1	1	flpskl	invskz			0	xxx			0	0	20	19	0	0	5	0	0	0	0	0	0	0	0	0	-1	0	0	0	non	0	0	0	0	0	255	0	0	0	0	255	0	0	0	0	255	0	0	0	0	255	0	0	0	0	255	0	0	0	0	255	0	0	0	0	255	0	0	0	0	255	0	0	0	0	255	0	0	0	0	255	0	0	0	0	255	0	0	0	0	255	0	0	0	0	255	0	0	0	0	255			0	0	0	0	0	0	0	0	0	0	0	0
